Enrollment,Name,2023-11-28
11,['dd'],1
